HYSPECNET_WAVELENGTHS = [
    418.42, 424.04, 429.46, 434.69, 439.76, 444.70, 449.54, 454.31, 459.03, 463.73,
    468.41, 473.08, 477.74, 482.41, 487.09, 491.78, 496.50, 501.24, 506.02, 510.83,
    515.67, 520.55, 525.47, 530.42, 535.42, 540.46, 545.55, 550.69, 555.87, 561.11,
    566.40, 571.76, 577.17, 582.64, 588.17, 593.77, 599.45, 605.19, 611.02, 616.92,
    622.92, 628.99, 635.11, 641.29, 647.54, 653.84, 660.21, 666.64, 673.13, 679.69,
    686.32, 693.01, 699.78, 706.62, 713.52, 720.50, 727.54, 734.65, 741.83, 749.06,
    756.35, 763.70, 771.11, 778.57, 786.08, 793.64, 801.25, 808.90, 816.61, 824.36,
    832.14, 839.98, 847.85, 855.76, 863.70, 871.68, 879.69, 887.73, 895.79, 903.87,
    911.97, 920.08, 928.20, 936.34, 944.47, 952.61, 960.75, 968.89, 977.04, 985.19,
    993.34
]